% Olmon et al. PRB 86, 235147 (2012), evaporated
%  Energy (eV)  n   k
0.6000	0.53665	14.12677
0.6200	0.50299	13.64848
0.6400	0.47477	13.23361
0.6600	0.44908	12.83991
0.6800	0.42586	12.47321
0.7000	0.40469	12.11848
0.7200	0.38547	11.78412
0.7400	0.36778	11.47290
0.7600	0.35150	11.16967
0.7800	0.33644	10.88682
0.8000	0.32253	10.61863
0.8200	0.30959	10.36211
0.8400	0.29749	10.11219
0.8600	0.28624	9.87667
0.8800	0.27572	9.65231
0.9000	0.26515	9.42657
0.9200	0.25438	9.19795
0.9400	0.24570	8.99794
0.9600	0.23754	8.80562
0.9800	0.22976	8.61930
1.0000	0.22175	8.43084
1.0200	0.21433	8.24972
1.0400	0.20725	8.07533
1.0600	0.20060	7.90650
1.0800	0.19435	7.74398
1.1000	0.18851	7.58640
1.1200	0.18290	7.43344
1.1400	0.17768	7.28581
1.1600	0.17280	7.14310
1.1800	0.16818	7.00450
1.2000	0.16381	6.86991
1.2200	0.15971	6.73914
1.2400	0.15587	6.61202
1.2600	0.15229	6.48851
1.2800	0.14900	6.36844
1.3000	0.14585	6.25173
1.3200	0.14296	6.13736
1.3400	0.14031	6.02686
1.3600	0.13780	5.91838
1.3800	0.13555	5.81268
1.4000	0.13350	5.70974
1.4200	0.13164	5.60866
1.4400	0.12994	5.50935
1.4600	0.12851	5.41361
1.4800	0.12728	5.31945
1.5000	0.12619	5.22683
1.5200	0.12530	5.13618
1.5400	0.12465	5.04721
1.5600	0.12419	4.96051
1.5800	0.12394	4.87497
1.6000	0.12390	4.79112
1.6200	0.12403	4.70889
1.6400	0.12443	4.62768
1.6600	0.12507	4.54809
1.6800	0.12591	4.46954
1.7000	0.12690	4.39201
1.7200	0.12826	4.31571
1.7400	0.12987	4.24066
1.7600	0.13170	4.16711
1.7800	0.13381	4.09436
1.8000	0.13621	4.02187
1.8200	0.13894	3.94998
1.8400	0.14194	3.87996
1.8600	0.14529	3.81044
1.8800	0.14899	3.74109
1.9000	0.15304	3.67277
1.9200	0.15749	3.60522
1.9400	0.16231	3.53792
1.9600	0.16761	3.47110
1.9800	0.17334	3.40506
2.0000	0.17949	3.33917
2.0200	0.18633	3.27368
2.0400	0.19364	3.20805
2.0600	0.20150	3.14308
2.0800	0.21006	3.07860
2.1000	0.21923	3.01368
2.1200	0.22936	2.94907
2.1400	0.24016	2.88352
2.1600	0.25215	2.81891
2.1800	0.26504	2.75335
2.2000	0.27936	2.68778
2.2200	0.29494	2.62141
2.2400	0.31244	2.55515
2.2600	0.33167	2.48772
2.2800	0.35369	2.41960
2.3000	0.37791	2.35034
2.3200	0.40661	2.28116
2.3400	0.43755	2.21071
2.3600	0.47593	2.14230
2.3800	0.51705	2.07303
2.4000	0.56667	2.00745
2.4200	0.62110	1.94326
2.4400	0.68214	1.88478
2.4600	0.75012	1.83431
2.4800	0.82088	1.78652
2.5000	0.89600	1.75765
2.5200	0.97183	1.73197
2.5400	1.04512	1.71818
2.5600	1.11459	1.71603
2.5800	1.18286	1.71587
2.6000	1.23730	1.72860
2.6200	1.28826	1.74390
2.6400	1.33625	1.75993
2.6600	1.36777	1.77885
2.6800	1.39870	1.79767
2.7000	1.42598	1.81540
2.7200	1.44281	1.82984
2.7400	1.45946	1.84417
2.7600	1.47455	1.85669
2.7800	1.48514	1.86373
2.8000	1.49567	1.87076
2.8200	1.50607	1.87733
2.8400	1.51588	1.88037
2.8600	1.52565	1.88342
2.8800	1.53537	1.88649
2.9000	1.54431	1.88966
2.9200	1.55307	1.89286
2.9400	1.56178	1.89607
2.9600	1.56901	1.89945
2.9800	1.57402	1.90306
3.0000	1.57902	1.90667
3.0200	1.58400	1.91028
3.0400	1.58564	1.91185
3.0600	1.58643	1.91291
3.0800	1.58722	1.91396
3.1000	1.58799	1.91495
3.1200	1.58723	1.91218
3.1400	1.58647	1.90942
3.1600	1.58572	1.90665
3.1800	1.58503	1.90370
3.2000	1.58573	1.89727
3.2200	1.58644	1.89082
3.2400	1.58716	1.88436
3.2600	1.58790	1.87789
3.2800	1.59148	1.87093
3.3000	1.59554	1.86389
3.3200	1.59963	1.85686
3.3400	1.60374	1.84983
3.3600	1.60901	1.84393
3.3800	1.61566	1.83939
3.4000	1.62231	1.83486
3.4200	1.62898	1.83037
3.4400	1.63566	1.82589
3.4600	1.64254	1.82432
3.4800	1.64946	1.82349
3.5000	1.65638	1.82267
3.5200	1.66328	1.82187
3.5400	1.67017	1.82109
3.5600	1.67507	1.82337
3.5800	1.67969	1.82606
3.6000	1.68430	1.82875
3.6200	1.68890	1.83143
3.6400	1.69349	1.83412
3.6600	1.69573	1.83780
3.6800	1.69681	1.84198
3.7000	1.69789	1.84614
3.7200	1.69898	1.85030
3.7400	1.70007	1.85446
3.7600	1.70060	1.85857
3.7800	1.69786	1.86248
3.8000	1.69512	1.86639
3.8200	1.69239	1.87031
3.8400	1.68967	1.87423
3.8600	1.68696	1.87815
3.8800	1.68342	1.88160
3.9000	1.67766	1.88381
3.9200	1.67189	1.88603
3.9400	1.66613	1.88826
3.9600	1.66037	1.89051
3.9800	1.65461	1.89278
4.0000	1.64880	1.89497
