% Johnson-Christy with Drude damping 0.061 -> 0.020 eV (hbar*omega_p = 8.59 eV)
%  Energy (eV)  n   k
0.6401	0.50813	13.81060
0.7701	0.26844	11.22980
0.8901	0.20719	9.53175
1.0196	0.17655	8.15313
1.1396	0.12836	7.15609
1.2600	0.10195	6.35457
1.3900	0.07135	5.66663
1.5100	0.07424	5.08561
1.6400	0.06507	4.54400
1.7599	0.06286	4.10450
1.8800	0.07886	3.69782
2.0101	0.15354	3.27113
2.1299	0.23595	2.86009
2.2600	0.37802	2.44833
2.3802	0.56990	2.06846
2.5002	0.99910	1.81182
2.6301	1.27933	1.82878
2.7497	1.35443	1.89677
2.8800	1.42865	1.93308
2.9999	1.44126	1.94484
3.1199	1.45343	1.94021
3.2499	1.44524	1.92244
3.3701	1.46684	1.88524
3.5004	1.48834	1.85707
3.6200	1.46937	1.86298
3.7401	1.47038	1.87578
3.8697	1.53160	1.89148
3.9905	1.52230	1.88704
4.1204	1.52301	1.88356
4.2402	1.48345	1.87301
4.3595	1.46390	1.86439
4.4906	1.42429	1.84275
4.6108	1.37456	1.79899
4.7395	1.34487	1.74518
4.8602	1.32514	1.68431
4.9793	1.32545	1.62741
5.1106	1.31574	1.57355
5.2292	1.31600	1.53267
5.3603	1.29623	1.49382
5.4812	1.30649	1.45694
5.6000	1.29667	1.42406
5.7294	1.29689	1.38416
5.8511	1.29707	1.34726
5.9809	1.29726	1.30134
6.0986	1.32747	1.27444
6.2210	1.32762	1.24854
6.3484	1.33778	1.22364
6.4710	1.31788	1.20073
6.5984	1.27793	1.18583
