% McPeak et al. ACS Photonics 2, 326 (2015)
%  Energy (eV)  n   k
0.6000	0.31648	12.37054
0.6200	0.31648	12.37054
0.6400	0.31648	12.37054
0.6600	0.31648	12.37054
0.6800	0.31648	12.37054
0.7000	0.31648	12.37054
0.7200	0.31648	12.37054
0.7400	0.27968	12.21658
0.7600	0.26362	11.87376
0.7800	0.24604	11.52768
0.8000	0.23817	11.26122
0.8200	0.22006	10.93047
0.8400	0.21499	10.68058
0.8600	0.20681	10.39045
0.8800	0.19401	10.13386
0.9000	0.18582	9.89807
0.9200	0.17880	9.67011
0.9400	0.16983	9.43786
0.9600	0.16620	9.23793
0.9800	0.16232	9.02962
1.0000	0.15768	8.81639
1.0200	0.15279	8.63276
1.0400	0.14823	8.45908
1.0600	0.15255	8.26534
1.0800	0.14231	8.10213
1.1000	0.14141	7.93631
1.1200	0.13914	7.77603
1.1400	0.13908	7.61784
1.1600	0.13553	7.47400
1.1800	0.13887	7.30972
1.2000	0.13808	7.16774
1.2200	0.13485	7.03080
1.2400	0.13228	6.90346
1.2600	0.12877	6.77082
1.2800	0.12593	6.65085
1.3000	0.12397	6.52273
1.3200	0.12242	6.40454
1.3400	0.12008	6.28767
1.3600	0.11741	6.17682
1.3800	0.11670	6.06827
1.4000	0.11521	5.95807
1.4200	0.11272	5.85667
1.4400	0.11089	5.75748
1.4600	0.11070	5.65286
1.4800	0.10645	5.55814
1.5000	0.10447	5.46358
1.5200	0.10501	5.36716
1.5400	0.10511	5.26964
1.5600	0.10363	5.18452
1.5800	0.10215	5.09755
1.6000	0.10151	5.00481
1.6200	0.10056	4.91897
1.6400	0.09894	4.83635
1.6600	0.09881	4.75238
1.6800	0.09896	4.66927
1.7000	0.09702	4.58937
1.7200	0.09847	4.50747
1.7400	0.09800	4.42861
1.7600	0.09823	4.34970
1.7800	0.09958	4.27106
1.8000	0.10200	4.19305
1.8200	0.10520	4.11561
1.8400	0.10900	4.03970
1.8600	0.11334	3.96484
1.8800	0.11821	3.89099
1.9000	0.12347	3.81935
1.9200	0.12960	3.74790
1.9400	0.13636	3.67641
1.9600	0.14344	3.60613
1.9800	0.15143	3.53571
2.0000	0.16017	3.46480
2.0200	0.16777	3.39877
2.0400	0.17616	3.33171
2.0600	0.18565	3.26375
2.0800	0.19571	3.19549
2.1000	0.20634	3.12634
2.1200	0.21805	3.05946
2.1400	0.23043	2.99170
2.1600	0.24359	2.92408
2.1800	0.25773	2.85560
2.2000	0.27342	2.78753
2.2200	0.29046	2.71825
2.2400	0.30956	2.64813
2.2600	0.33024	2.57753
2.2800	0.35311	2.50822
2.3000	0.37815	2.43750
2.3200	0.40759	2.36573
2.3400	0.43930	2.29255
2.3600	0.47807	2.21971
2.3800	0.51974	2.14580
2.4000	0.57127	2.07418
2.4200	0.62836	2.00345
2.4400	0.69444	1.93830
2.4600	0.77041	1.88140
2.4800	0.84981	1.82783
2.5000	0.93494	1.80106
2.5200	1.02041	1.77817
2.5400	1.09993	1.76951
2.5600	1.17201	1.77435
2.5800	1.24247	1.78097
2.6000	1.29507	1.79592
2.6200	1.34361	1.81252
2.6400	1.38950	1.82927
2.6600	1.42098	1.84484
2.6800	1.45193	1.86041
2.7000	1.48030	1.87534
2.7200	1.50154	1.88821
2.7400	1.52253	1.90103
2.7600	1.54167	1.91302
2.7800	1.55556	1.92249
2.8000	1.56933	1.93193
2.8200	1.58256	1.94095
2.8400	1.59201	1.94681
2.8600	1.60142	1.95266
2.8800	1.61078	1.95850
2.9000	1.61846	1.96210
2.9200	1.62577	1.96525
2.9400	1.63307	1.96841
2.9600	1.63927	1.97085
2.9800	1.64386	1.97221
3.0000	1.64843	1.97358
3.0200	1.65300	1.97495
3.0400	1.65639	1.97495
3.0600	1.65949	1.97460
3.0800	1.66258	1.97426
3.1000	1.66565	1.97389
3.1200	1.66738	1.97202
3.1400	1.66911	1.97015
3.1600	1.67085	1.96829
3.1800	1.67256	1.96631
3.2000	1.67388	1.96198
3.2200	1.67520	1.95765
3.2400	1.67654	1.95331
3.2600	1.67787	1.94898
3.2800	1.68021	1.94324
3.3000	1.68273	1.93728
3.3200	1.68526	1.93131
3.3400	1.68780	1.92535
3.3600	1.69154	1.91872
3.3800	1.69670	1.91131
3.4000	1.70190	1.90391
3.4200	1.70712	1.89652
3.4400	1.71238	1.88915
3.4600	1.72161	1.88483
3.4800	1.73184	1.88133
3.5000	1.74206	1.87787
3.5200	1.75227	1.87446
3.5400	1.76248	1.87109
3.5600	1.77068	1.87511
3.5800	1.77857	1.88014
3.6000	1.78643	1.88515
3.6200	1.79426	1.89016
3.6400	1.80206	1.89515
3.6600	1.80461	1.90108
3.6800	1.80460	1.90746
3.7000	1.80460	1.91383
3.7200	1.80461	1.92019
3.7400	1.80463	1.92653
3.7600	1.80411	1.93264
3.7800	1.80039	1.93736
3.8000	1.79667	1.94210
3.8200	1.79297	1.94684
3.8400	1.78928	1.95159
3.8600	1.78560	1.95634
3.8800	1.78136	1.96043
3.9000	1.77560	1.96275
3.9200	1.76984	1.96508
3.9400	1.76408	1.96743
3.9600	1.75832	1.96979
3.9800	1.75256	1.97217
4.0000	1.74677	1.97449
