% Johnson-Christy with Drude damping 0.061 -> 0.078 eV (hbar*omega_p = 8.59 eV)
%  Energy (eV)  n   k
0.6401	1.08949	13.75566
0.7701	0.68048	11.19498
0.8901	0.52230	9.50925
1.0196	0.42198	8.13863
1.1396	0.32884	7.14531
1.2600	0.26908	6.34649
1.3900	0.21104	5.66029
1.5100	0.19569	5.08097
1.6400	0.17120	4.54043
1.7599	0.15796	4.10178
1.8800	0.16547	3.69618
2.0101	0.23352	3.27197
2.1299	0.31250	2.86390
2.2600	0.45161	2.45752
2.3802	0.64076	2.08598
2.5002	1.05696	1.84147
2.6301	1.32280	1.85712
2.7497	1.39069	1.92093
2.8800	1.45895	1.95402
2.9999	1.46786	1.96332
3.1199	1.47695	1.95677
3.2499	1.46619	1.93728
3.3701	1.48553	1.89897
3.5004	1.50490	1.86963
3.6200	1.48447	1.87427
3.7401	1.48404	1.88594
3.8697	1.54353	1.90066
3.9905	1.53324	1.89544
4.1204	1.53294	1.89122
4.2402	1.49275	1.88004
4.3595	1.47256	1.87089
4.4906	1.43240	1.84874
4.6108	1.38229	1.80464
4.7395	1.35216	1.75057
4.8602	1.33204	1.68952
4.9793	1.33191	1.63247
5.1106	1.32179	1.57842
5.2292	1.32168	1.53737
5.3603	1.30158	1.49831
5.4812	1.31148	1.46126
5.6000	1.30140	1.42821
5.7294	1.30131	1.38817
5.8511	1.30123	1.35113
5.9809	1.30115	1.30510
6.0986	1.33106	1.27806
6.2210	1.33100	1.25202
6.3484	1.34093	1.22698
6.4710	1.32089	1.20394
6.5984	1.28087	1.18890
