% Johnson-Christy with Drude damping 0.061 -> 0.039 eV (hbar*omega_p = 8.59 eV)
%  Energy (eV)  n   k
0.6401	0.70089	13.80127
0.7701	0.40474	11.22344
0.8901	0.31128	9.52769
1.0196	0.25754	8.15060
1.1396	0.19448	7.15416
1.2600	0.15704	6.35312
1.3900	0.11738	5.66544
1.5100	0.11425	5.08479
1.6400	0.10002	4.54338
1.7599	0.09418	4.10405
1.8800	0.10738	3.69764
2.0101	0.17987	3.27170
2.1299	0.26117	2.86158
2.2600	0.40229	2.45155
2.3802	0.59332	2.07441
2.5002	1.01821	1.82185
2.6301	1.29362	1.83834
2.7497	1.36634	1.90491
2.8800	1.43859	1.94012
2.9999	1.44998	1.95105
3.1199	1.46114	1.94577
3.2499	1.45211	1.92742
3.3701	1.47296	1.88983
3.5004	1.49376	1.86127
3.6200	1.47431	1.86675
3.7401	1.47485	1.87918
3.8697	1.53550	1.89454
3.9905	1.52588	1.88984
4.1204	1.52626	1.88612
4.2402	1.48649	1.87535
4.3595	1.46674	1.86655
4.4906	1.42695	1.84474
4.6108	1.37709	1.80087
4.7395	1.34725	1.74697
4.8602	1.32740	1.68604
4.9793	1.32757	1.62910
5.1106	1.31772	1.57517
5.2292	1.31786	1.53423
5.3603	1.29798	1.49531
5.4812	1.30812	1.45837
5.6000	1.29822	1.42544
5.7294	1.29833	1.38549
5.8511	1.29843	1.34854
5.9809	1.29853	1.30259
6.0986	1.32865	1.27564
6.2210	1.32873	1.24969
6.3484	1.33881	1.22474
6.4710	1.31886	1.20179
6.5984	1.27889	1.18684
